#! FIELDS time phi psi the omega NCaR_angle end_Ca_end_angle OO_distance
#! SET min_phi -pi
#! SET max_phi pi
#! SET min_psi -pi
#! SET max_psi pi
#! SET min_the -pi
#! SET max_the pi
#! SET min_omega -pi
#! SET max_omega pi
 0.000000 -1.987459 0.001273 2.613913 -3.118788 1.863106 1.673700 0.497574
 1.000000 -1.825338 -0.135768 2.691958 -3.065014 1.859733 1.692337 0.484191
 2.000000 -1.687749 -0.256342 2.817156 -2.958385 1.861305 1.751017 0.458084
 3.000000 -1.573802 -0.371099 3.102497 -2.837090 1.892345 1.740107 0.425117
 4.000000 -1.258781 -0.625951 3.034069 -2.808293 1.839561 1.797167 0.406196
 5.000000 -1.257505 -0.476851 3.060751 -2.893597 1.766382 1.806988 0.367237
 6.000000 -1.028888 -0.880582 -3.126556 -2.982550 1.929006 1.791624 0.340293
 7.000000 -0.794524 -0.861670 3.046547 3.106898 1.952926 1.787626 0.340990
 8.000000 -0.854910 -1.002401 -3.068795 3.019493 1.937223 1.737999 0.335046
 9.000000 -0.493854 -1.103052 3.053784 2.872382 1.915637 1.737451 0.334753
 10.000000 -0.376279 -1.157718 2.965246 2.865834 1.818332 1.701944 0.344836
 11.000000 -0.093035 -1.087804 2.802623 2.992158 1.896468 1.667625 0.350375
 12.000000 0.017686 -1.137789 2.699876 3.032263 1.979304 1.660553 0.364808
 13.000000 0.313167 -1.231125 2.605938 3.093600 1.917057 1.671588 0.379131
 14.000000 0.170997 -0.939159 2.693016 2.980635 1.813156 1.686691 0.398097
 15.000000 0.622728 -1.273067 2.555672 3.013856 1.809432 1.751024 0.420444
 16.000000 0.960131 -1.099713 2.263643 -3.064432 1.924281 1.809030 0.426720
