#! FIELDS time phi psi the omega NCaR_angle end_Ca_end_angle OO_distance
#! SET min_phi -pi
#! SET max_phi pi
#! SET min_psi -pi
#! SET max_psi pi
#! SET min_the -pi
#! SET max_the pi
#! SET min_omega -pi
#! SET max_omega pi
 0.000000 -1.531318 0.226745 2.860101 -2.976542 1.923284 1.629718 0.439107
 1.000000 -1.335329 -0.023468 2.895172 -3.072182 1.873883 1.703065 0.426370
 2.000000 -1.264738 -0.241331 3.125878 3.116321 1.866427 1.732478 0.417048
 3.000000 -1.077284 -0.512975 -3.086824 3.066300 1.869904 1.753237 0.402681
 4.000000 -0.952833 -0.636359 -3.085784 3.089969 1.871390 1.787222 0.385380
 5.000000 -0.658583 -0.985647 -3.066769 -3.016058 1.930695 1.798764 0.368291
 6.000000 -0.724177 -0.808553 -3.085224 -2.988162 1.827308 1.794333 0.338355
 7.000000 -0.471440 -1.156173 3.023981 -2.941759 1.918585 1.793976 0.324136
 8.000000 -0.374039 -1.169612 2.952735 -3.002239 1.951784 1.782594 0.319064
 9.000000 -0.431469 -1.223277 2.955320 3.072405 1.888012 1.776423 0.325202
 10.000000 -0.173518 -1.392547 2.791596 2.978523 1.908960 1.793733 0.337276
 11.000000 -0.216543 -1.289946 2.773125 2.938940 1.820925 1.772295 0.345266
 12.000000 0.030723 -1.258471 2.566956 3.057353 1.844727 1.763102 0.353143
 13.000000 -0.041131 -1.203295 2.546761 -3.044491 1.909966 1.735221 0.358967
 14.000000 0.142614 -1.181283 2.560747 -2.982909 1.950416 1.736497 0.359247
 15.000000 -0.048825 -0.918057 2.676497 -2.975249 1.856250 1.729655 0.377375
 16.000000 0.098684 -1.010045 2.711898 -3.002315 1.827356 1.748073 0.403668
 17.000000 0.155696 -0.792591 2.672780 -3.006746 1.841537 1.775873 0.420418
 18.000000 0.173932 -0.754084 2.647050 -3.084283 1.833283 1.771096 0.435030
 19.000000 0.411718 -0.727986 2.520792 3.131867 1.920501 1.805195 0.434597
 20.000000 0.400369 -0.489735 2.510146 -3.127043 1.837149 1.781392 0.430816
 21.000000 0.760489 -0.503001 2.401062 -3.089926 1.853382 1.775318 0.451051
