#! FIELDS time phi psi the omega NCaR_angle end_Ca_end_angle OO_distance
#! SET min_phi -pi
#! SET max_phi pi
#! SET min_psi -pi
#! SET max_psi pi
#! SET min_the -pi
#! SET max_the pi
#! SET min_omega -pi
#! SET max_omega pi
 0.000000 -1.757322 0.033571 2.515329 3.135331 1.834456 1.671541 0.478979
 1.000000 -1.603777 -0.223304 2.661300 -3.081757 1.878339 1.735463 0.456346
 2.000000 -1.570231 -0.343787 2.988456 -2.959577 1.936781 1.726267 0.425398
 3.000000 -1.291748 -0.560425 2.914214 -2.918544 1.834989 1.779574 0.400039
 4.000000 -1.189766 -0.497328 2.935510 -2.942244 1.789664 1.786298 0.362482
 5.000000 -1.008773 -0.892651 3.032997 -3.032799 1.977615 1.782177 0.336621
 6.000000 -0.814459 -0.852283 2.992201 3.104453 1.957843 1.777645 0.337390
 7.000000 -0.820956 -1.017718 -3.102252 3.029916 1.930794 1.733245 0.335542
 8.000000 -0.493854 -1.103052 3.053784 2.872382 1.915637 1.737451 0.334753
 9.000000 -0.376279 -1.157718 2.965246 2.865834 1.818332 1.701944 0.344836
 10.000000 -0.093035 -1.087804 2.802623 2.992158 1.896468 1.667625 0.350375
 11.000000 0.017686 -1.137789 2.699876 3.032263 1.979304 1.660553 0.364808
 12.000000 0.313167 -1.231125 2.605938 3.093600 1.917057 1.671588 0.379131
 13.000000 0.170997 -0.939159 2.693016 2.980635 1.813156 1.686691 0.398097
 14.000000 0.622728 -1.273067 2.555672 3.013856 1.809432 1.751024 0.420444
 15.000000 0.960131 -1.099713 2.263643 -3.064432 1.924281 1.809030 0.426720
