#! FIELDS time phi psi the omega NCaR_angle end_Ca_end_angle OO_distance
#! SET min_phi -pi
#! SET max_phi pi
#! SET min_psi -pi
#! SET max_psi pi
#! SET min_the -pi
#! SET max_the pi
#! SET min_omega -pi
#! SET max_omega pi
 0.000000 -1.734078 0.109945 2.540553 -3.031280 1.897085 1.601278 0.485290
 1.000000 -1.670583 -0.121460 2.689593 -2.991913 1.899720 1.628670 0.465307
 2.000000 -1.414748 -0.326278 2.774444 -2.953431 1.874943 1.683907 0.437222
 3.000000 -1.383448 -0.431129 2.945684 -2.841719 1.851848 1.705055 0.400136
 4.000000 -1.038166 -0.794828 2.927838 -2.759923 1.876900 1.751469 0.382168
 5.000000 -1.049228 -0.592913 2.952907 -2.874575 1.784693 1.783094 0.346683
 6.000000 -0.831102 -1.082816 2.976036 -3.020567 1.923010 1.820339 0.322155
 7.000000 -0.740856 -1.043768 3.037795 3.104523 1.947533 1.809081 0.322215
 8.000000 -0.726615 -1.162326 -3.113808 3.012411 1.899749 1.785222 0.327731
 9.000000 -0.501511 -1.300592 3.057250 2.906858 1.900259 1.796155 0.325761
 10.000000 -0.458774 -1.286346 2.963761 2.927834 1.854610 1.777928 0.327839
 11.000000 -0.149450 -1.232467 2.759197 3.064428 1.863752 1.766331 0.333106
 12.000000 -0.184582 -1.196080 2.718325 -3.084519 1.915533 1.723451 0.346429
 13.000000 0.111986 -1.219733 2.622865 -2.997328 1.961509 1.726226 0.354210
 14.000000 -0.051700 -0.953546 2.713925 -2.994051 1.859261 1.730156 0.374238
 15.000000 0.115716 -1.029325 2.699723 -2.999165 1.834413 1.748185 0.403685
 16.000000 0.155696 -0.792591 2.672780 -3.006746 1.841537 1.775873 0.420418
 17.000000 0.173932 -0.754084 2.647050 -3.084283 1.833283 1.771096 0.435030
 18.000000 0.411718 -0.727986 2.520792 3.131867 1.920501 1.805195 0.434597
 19.000000 0.400369 -0.489735 2.510146 -3.127043 1.837149 1.781392 0.430816
 20.000000 0.760489 -0.503001 2.401062 -3.089926 1.853382 1.775318 0.451051
