#! FIELDS time phi psi the omega NCaR_angle end_Ca_end_angle OO_distance
#! SET min_phi -pi
#! SET max_phi pi
#! SET min_psi -pi
#! SET max_psi pi
#! SET min_the -pi
#! SET max_the pi
#! SET min_omega -pi
#! SET max_omega pi
 0.000000 -2.093374 0.165809 2.660211 -3.038702 1.854872 1.685891 0.500234
 1.000000 -1.863694 -0.015828 2.703562 -2.989622 1.840273 1.713563 0.484791
 2.000000 -1.773631 -0.167241 2.882903 -2.919134 1.891089 1.756306 0.461880
 3.000000 -1.564776 -0.355287 3.101235 -2.808597 1.904381 1.741303 0.426769
 4.000000 -1.258781 -0.625951 3.034069 -2.808293 1.839561 1.797167 0.406196
 5.000000 -1.252409 -0.467181 3.037428 -2.900639 1.770680 1.811587 0.368897
 6.000000 -1.017504 -0.911338 3.106912 -2.999251 1.952501 1.812689 0.340732
 7.000000 -0.832558 -0.895718 3.032532 3.121445 1.960461 1.809335 0.337508
 8.000000 -0.914927 -1.019415 -3.056375 3.001527 1.901803 1.776074 0.330741
 9.000000 -0.564082 -1.158288 3.076872 2.895192 1.910693 1.792227 0.325583
 10.000000 -0.482462 -1.188383 3.033187 2.915330 1.818369 1.749021 0.340043
 11.000000 -0.220973 -1.075338 2.898489 3.040581 1.876201 1.734250 0.347283
 12.000000 -0.147858 -1.136435 2.762440 -3.137771 1.983429 1.724425 0.363646
 13.000000 0.155577 -1.183626 2.677011 -3.050702 1.940558 1.723834 0.369683
 14.000000 0.056285 -0.898045 2.698287 -3.101334 1.849820 1.728639 0.384466
 15.000000 0.512363 -1.255298 2.500620 -3.113464 1.854654 1.770537 0.407638
 16.000000 0.748276 -1.010648 2.324406 -3.074627 1.852245 1.782816 0.421894
 17.000000 0.794850 -1.038588 2.320311 -3.113040 1.875574 1.819782 0.431910
