#! FIELDS time phi psi the omega NCaR_angle end_Ca_end_angle OO_distance
#! SET min_phi -pi
#! SET max_phi pi
#! SET min_psi -pi
#! SET max_psi pi
#! SET min_the -pi
#! SET max_the pi
#! SET min_omega -pi
#! SET max_omega pi
 0.000000 -2.029458 0.113922 2.560686 3.028331 1.869483 1.628428 0.497487
 1.000000 -1.824799 -0.076100 2.602392 -3.126306 1.884658 1.631811 0.475450
 2.000000 -1.673483 -0.153548 2.619544 -3.085947 1.844622 1.674900 0.455814
 3.000000 -1.482815 -0.357529 2.654246 -2.989166 1.883895 1.778202 0.438192
 4.000000 -1.441062 -0.475235 2.957738 -2.839847 1.881852 1.788392 0.408488
 5.000000 -1.187089 -0.688209 2.967060 -2.829235 1.842812 1.844096 0.383607
 6.000000 -1.157128 -0.601096 3.002477 -2.828386 1.799185 1.872605 0.355016
 7.000000 -1.010189 -0.967483 -3.116901 -2.895298 1.971070 1.850666 0.335073
 8.000000 -0.852934 -0.874638 3.098425 -3.132228 1.910451 1.828147 0.336779
 9.000000 -0.786436 -1.089511 -3.091438 3.035641 1.912036 1.773168 0.333704
 10.000000 -0.490289 -1.123466 3.038636 2.832808 1.927827 1.752256 0.333773
 11.000000 -0.362671 -1.223078 2.959497 2.857227 1.863625 1.709759 0.345308
 12.000000 -0.063910 -1.097684 2.809965 2.991094 1.906594 1.671820 0.351015
 13.000000 0.017686 -1.137789 2.699876 3.032263 1.979304 1.660553 0.364808
 14.000000 0.313167 -1.231125 2.605938 3.093600 1.917057 1.671588 0.379131
 15.000000 0.170997 -0.939159 2.693016 2.980635 1.813156 1.686691 0.398097
 16.000000 0.622728 -1.273067 2.555672 3.013856 1.809432 1.751024 0.420444
 17.000000 0.960131 -1.099713 2.263643 -3.064432 1.924281 1.809030 0.426720
