#! FIELDS time phi psi the omega NCaR_angle end_Ca_end_angle OO_distance
#! SET min_phi -pi
#! SET max_phi pi
#! SET min_psi -pi
#! SET max_psi pi
#! SET min_the -pi
#! SET max_the pi
#! SET min_omega -pi
#! SET max_omega pi
 0.000000 -1.734078 0.109945 2.540553 -3.031280 1.897085 1.601278 0.485290
 1.000000 -1.670583 -0.121460 2.689593 -2.991913 1.899720 1.628670 0.465307
 2.000000 -1.414748 -0.326278 2.774444 -2.953431 1.874943 1.683907 0.437222
 3.000000 -1.383448 -0.431129 2.945684 -2.841719 1.851848 1.705055 0.400136
 4.000000 -1.055293 -0.797010 2.930918 -2.764949 1.856210 1.750294 0.382929
 5.000000 -1.086884 -0.597967 2.930968 -2.900276 1.773342 1.775744 0.347080
 6.000000 -0.864358 -1.057715 2.919886 -3.092470 1.923972 1.802101 0.326028
 7.000000 -0.763169 -1.024063 2.953963 3.018101 1.972480 1.777178 0.328044
 8.000000 -0.783226 -1.123280 3.138501 2.974413 1.927541 1.749824 0.323243
 9.000000 -0.505528 -1.215030 3.027639 2.877953 1.916235 1.779464 0.321863
 10.000000 -0.495499 -1.186361 3.021184 2.909435 1.813451 1.748791 0.336860
 11.000000 -0.220973 -1.075338 2.898489 3.040581 1.876201 1.734250 0.347283
 12.000000 -0.147858 -1.136435 2.762440 -3.137771 1.983429 1.724425 0.363646
 13.000000 0.155577 -1.183626 2.677011 -3.050702 1.940558 1.723834 0.369683
 14.000000 0.056285 -0.898045 2.698287 -3.101334 1.849820 1.728639 0.384466
 15.000000 0.512363 -1.255298 2.500620 -3.113464 1.854654 1.770537 0.407638
 16.000000 0.748276 -1.010648 2.324406 -3.074627 1.852245 1.782816 0.421894
 17.000000 0.794850 -1.038588 2.320311 -3.113040 1.875574 1.819782 0.431910
