#! FIELDS time phi psi the omega NCaR_angle end_Ca_end_angle OO_distance
#! SET min_phi -pi
#! SET max_phi pi
#! SET min_psi -pi
#! SET max_psi pi
#! SET min_the -pi
#! SET max_the pi
#! SET min_omega -pi
#! SET max_omega pi
 0.000000 -1.298594 0.149287 2.960379 -3.111908 1.961619 1.627901 0.430520
 1.000000 -1.278917 -0.045457 3.118757 -3.042296 1.832683 1.689089 0.415938
 2.000000 -1.013322 -0.255835 3.094333 -3.068441 1.852473 1.780635 0.408245
 3.000000 -0.956250 -0.457966 -3.035361 -3.067694 1.844365 1.819332 0.403270
 4.000000 -0.826061 -0.678107 -3.003896 -3.097088 1.868209 1.838575 0.395638
 5.000000 -0.762271 -0.834253 -3.012375 -3.060556 1.878020 1.877654 0.380295
 6.000000 -0.518732 -1.087482 -3.077875 -2.947530 1.906688 1.855566 0.365832
 7.000000 -0.650309 -0.934537 3.128539 -2.991654 1.795679 1.837460 0.330728
 8.000000 -0.380973 -1.266996 2.929815 -2.979964 1.896715 1.820987 0.319610
 9.000000 -0.284289 -1.290557 2.884261 -3.092472 1.975977 1.780158 0.318437
 10.000000 -0.406919 -1.275122 2.906263 3.020499 1.881161 1.774020 0.325472
 11.000000 -0.118011 -1.418169 2.750724 2.963996 1.916734 1.792837 0.336357
 12.000000 -0.216543 -1.289946 2.773125 2.938940 1.820925 1.772295 0.345266
 13.000000 0.030723 -1.258471 2.566956 3.057353 1.844727 1.763102 0.353143
 14.000000 -0.041131 -1.203295 2.546761 -3.044491 1.909966 1.735221 0.358967
 15.000000 0.142614 -1.181283 2.560747 -2.982909 1.950416 1.736497 0.359247
 16.000000 -0.048825 -0.918057 2.676497 -2.975249 1.856250 1.729655 0.377375
 17.000000 0.098684 -1.010045 2.711898 -3.002315 1.827356 1.748073 0.403668
 18.000000 0.155696 -0.792591 2.672780 -3.006746 1.841537 1.775873 0.420418
 19.000000 0.173932 -0.754084 2.647050 -3.084283 1.833283 1.771096 0.435030
 20.000000 0.411718 -0.727986 2.520792 3.131867 1.920501 1.805195 0.434597
 21.000000 0.400369 -0.489735 2.510146 -3.127043 1.837149 1.781392 0.430816
 22.000000 0.760489 -0.503001 2.401062 -3.089926 1.853382 1.775318 0.451051
