#! FIELDS time phi psi the omega NCaR_angle end_Ca_end_angle OO_distance
#! SET min_phi -pi
#! SET max_phi pi
#! SET min_psi -pi
#! SET max_psi pi
#! SET min_the -pi
#! SET max_the pi
#! SET min_omega -pi
#! SET max_omega pi
 0.000000 -1.734078 0.109945 2.540553 -3.031280 1.897085 1.601278 0.485290
 1.000000 -1.670583 -0.121460 2.689593 -2.991913 1.899720 1.628670 0.465307
 2.000000 -1.414748 -0.326278 2.774444 -2.953431 1.874943 1.683907 0.437222
 3.000000 -1.383448 -0.431129 2.945684 -2.841719 1.851848 1.705055 0.400136
 4.000000 -1.038166 -0.794828 2.927838 -2.759923 1.876900 1.751469 0.382168
 5.000000 -1.049228 -0.592913 2.952907 -2.874575 1.784693 1.783094 0.346683
 6.000000 -0.831102 -1.082816 2.976036 -3.020567 1.923010 1.820339 0.322155
 7.000000 -0.740856 -1.043768 3.037795 3.104523 1.947533 1.809081 0.322215
 8.000000 -0.726615 -1.162326 -3.113808 3.012411 1.899749 1.785222 0.327731
 9.000000 -0.494643 -1.303231 3.061174 2.892864 1.912283 1.796498 0.327163
 10.000000 -0.478745 -1.279090 3.002542 2.894909 1.859395 1.786384 0.330952
 11.000000 -0.203084 -1.192613 2.844286 3.016972 1.859283 1.768049 0.337044
 12.000000 -0.278239 -1.169240 2.778689 -3.132452 1.920149 1.733781 0.348346
 13.000000 0.064529 -1.193732 2.670532 -3.024829 1.965835 1.737208 0.352030
 14.000000 -0.094208 -0.947134 2.772091 -3.033393 1.858203 1.720119 0.371173
 15.000000 0.087422 -1.096621 2.651532 -3.078541 1.848291 1.736574 0.397643
 16.000000 0.233791 -0.911177 2.571867 -3.008860 1.856352 1.763430 0.414258
 17.000000 0.334233 -0.938781 2.498812 -3.127027 1.876648 1.791170 0.422416
 18.000000 0.423727 -0.861159 2.403558 3.133334 1.929029 1.831562 0.421997
 19.000000 0.650583 -0.751207 2.335445 -3.092960 1.829450 1.812946 0.430692
 20.000000 0.986529 -0.726388 2.190451 -3.107258 1.847360 1.782539 0.452755
